   1.8450000e+03   2.0000000e+01   3.2000000e+01
   1.8470000e+03   2.0000000e+01   5.0000000e+01
   1.8490000e+03   5.2000000e+01   1.2000000e+01
   1.8510000e+03   8.3000000e+01   1.0000000e+01
   1.8530000e+03   6.4000000e+01   1.3000000e+01
   1.8550000e+03   6.8000000e+01   3.6000000e+01
   1.8570000e+03   8.3000000e+01   1.5000000e+01
   1.8590000e+03   1.2000000e+01   1.2000000e+01
   1.8610000e+03   3.6000000e+01   6.0000000e+00
   1.8630000e+03   1.5000000e+02   6.0000000e+00
   1.8650000e+03   1.1000000e+02   6.5000000e+01
   1.8670000e+03   6.0000000e+01   7.0000000e+01
   1.8690000e+03   7.0000000e+00   4.0000000e+01
   1.8710000e+03   1.0000000e+01   9.0000000e+00
   1.8730000e+03   7.0000000e+01   2.0000000e+01
   1.8750000e+03   1.0000000e+02   3.4000000e+01
   1.8770000e+03   9.2000000e+01   4.5000000e+01
   1.8790000e+03   7.0000000e+01   4.0000000e+01
   1.8810000e+03   1.0000000e+01   1.5000000e+01
   1.8830000e+03   1.1000000e+01   1.5000000e+01
   1.8850000e+03   1.3700000e+02   6.0000000e+01
   1.8870000e+03   1.3700000e+02   8.0000000e+01
   1.8890000e+03   1.8000000e+01   2.6000000e+01
   1.8910000e+03   2.2000000e+01   1.8000000e+01
   1.8930000e+03   5.2000000e+01   3.7000000e+01
   1.8950000e+03   8.3000000e+01   5.0000000e+01
   1.8970000e+03   1.8000000e+01   3.5000000e+01
   1.8990000e+03   1.0000000e+01   1.2000000e+01
   1.9010000e+03   9.0000000e+00   1.2000000e+01
   1.9030000e+03   6.5000000e+01   2.5000000e+01
   1.9050000e+03   4.5000000e+01   6.2000000e+01
   1.9070000e+03   3.0000000e+01   4.9000000e+01
   1.9090000e+03   2.5000000e+01   7.0000000e+00
   1.9110000e+03   2.7000000e+01   7.0000000e+00
   1.9130000e+03   7.7000000e+01   2.0000000e+01
   1.9150000e+03   2.5000000e+01   4.3000000e+01
   1.9170000e+03   1.0000000e+01   1.1000000e+01
   1.9190000e+03   1.0000000e+01   6.0000000e+00
   1.9210000e+03   4.6000000e+01   2.0000000e+01
   1.9230000e+03   8.0000000e+01   3.7000000e+01
   1.9250000e+03   2.0000000e+01   4.3000000e+01
   1.9270000e+03   8.0000000e+00   5.0000000e+01
   1.9290000e+03   6.0000000e+00   3.0000000e+01
